92688
92691
92692
92701
92703
92704
92705
92706
92707
92708
92709
92714
92715
92718
92720
92801
92802
92804
92805
92806
92807
92808
93001
93003
93004
93010
93012
93013
93015
93021
93022
93023
93030
93033
93035
93041
93042
93043
93060
93063
93065
93066
93067
93101
93103
93105
93108
93109
93110
93111
93117
93202
93203
93204
93205
93206
93207
93210
93212
93214
93215
93217
93219
93221
93223
93224
93225
93226
93230
93234
93235
93238
93239
93240
93241
93242
93243
93244
93245
93247
93249
93250
93251
93252
93254
93255
93256
93257